PDB     |Number of acceptable solutions after itw
        HADDOCK-CM      |HADDOCK-EM 20Å  |HADDOCK-EM 15Å  |HADDOCK-EM 10Å
                Total   |Top 400 |Top 10  |Top 1   |Total   Top 400 Top 10  Top 1   Total   Top 400 Top 10  Top 1   Total   Top 400 Top 10  Top 1
                1AVX    |0       |0      | 0      | 0       |6       |6       |5       |1       |18      |18      |10      |1       |53      |53      |10      |1
                2OUL    |2       |2      | 1      | 1       |10      |10      |9       |1       |32      |32      |10      |1       |64      |64      |10      |1
                1AY7    |1       |1      | 0      | 0       |9       |9       |8       |1       |16      |16      |10      |1       |28      |28      |10      |1
                4CPA    |1       |1      | 0      | 0       |72      |72      |8       |1       |91      |91      |10      |1       |108     |108     |10      |1
                1AHW    |0       |0      | 0      | 0       |8       |8       |5       |1       |17      |17      |10      |1       |42      |42      |10      |1
                7CEI    |4       |4      | 1      | 0       |20      |20      |5       |1       |49      |49      |10      |1       |92      |92      |10      |1
                2OOB    |1       |1      | 0      | 0       |0       |0       |0       |0       |4       |4       |0       |0       |15      |15      |0       |0
                2FD6    |2       |2      | 0      | 0       |42      |42      |10      |1       |97      |97      |10      |1       |148     |148     |10      |1
                1AK4    |1       |1      | 0      | 0       |8       |8       |3       |0       |40      |40      |10      |1       |81      |81      |10      |1
                1B6C    |0       |0      | 0      | 0       |12      |12      |6       |1       |28      |28      |10      |1       |47      |47      |10      |1
                1BGX    |0       |0      | 0      | 0       |0       |0       |0       |0       |0       |0       |0       |0       |0       |0       |0       |0
                1R6Q    |0       |0      | 0      | 0       |4       |4       |2       |1       |30      |30      |10      |1       |67      |67      |10      |1
                1M10    |0       |0      | 0      | 0       |1       |1       |1       |0       |1       |1       |1       |1       |2       |2       |2       |1
                1ACB    |0       |0      | 0      | 0       |4       |4       |1       |0       |7       |7       |0       |0       |19      |19      |8       |1
                1JK9    |0       |0      | 0      | 0       |23      |23      |7       |1       |95      |95      |10      |1       |224     |224     |10      |1
                1BKD    |0       |0      | 0      | 0       |0       |0       |0       |0       |1       |1       |1       |0       |5       |5       |5       |1
                1JMO    |0       |0      | 0      | 0       |0       |0       |0       |0       |0       |0       |0       |0       |0       |0       |0       |0
